IO0
392 1075 - 392 1035
392 1035 - 410 1035
410 1035 - 410 1020
IO1
466 1075 - 466 1035
466 1035 - 450 1035
450 1035 - 450 1020
IO2
318 1075 - 318 1035
318 1035 - 330 1035
330 1035 - 330 1020
IO3
540 1075 - 540 1035
540 1035 - 530 1035
530 1035 - 530 1020
IO4
761 1075 - 761 1035
761 1035 - 750 1035
750 1035 - 750 1020
IO5
613 1075 - 613 1035
613 1035 - 630 1035
630 1035 - 630 1020
IO6
687 1075 - 687 1035
687 1035 - 670 1035
670 1035 - 670 1020
IO7
835 1075 - 835 1035
835 1035 - 850 1035
850 1035 - 850 1020
IO8
244 1075 - 244 1035
244 1035 - 230 1035
230 1035 - 230 1020
IO9
25 835 - 65 835
65 835 - 65 850
65 850 - 80 850
IO10
1075 835 - 1035 835
1035 835 - 1035 850
1035 850 - 1020 850
IO11
25 540 - 65 540
65 540 - 65 530
65 530 - 80 530
IO12
1075 540 - 1035 540
1035 540 - 1035 530
1035 530 - 1020 530
IO13
25 761 - 65 761
65 761 - 65 750
65 750 - 80 750
IO14
1075 761 - 1035 761
1035 761 - 1035 750
1035 750 - 1020 750
IO15
25 613 - 65 613
65 613 - 65 630
65 630 - 80 630
IO16
1075 613 - 1035 613
1035 613 - 1035 630
1035 630 - 1020 630
IO17
25 687 - 65 687
65 687 - 65 670
65 670 - 80 670
IO18
1075 687 - 1035 687
1035 687 - 1035 670
1035 670 - 1020 670
IO19
909 1075 - 909 1035
909 1035 - 890 1035
890 1035 - 890 1020
IO20
25 909 - 65 909
65 909 - 65 890
65 890 - 80 890
IO21
1075 466 - 1035 466
1035 466 - 1035 450
1035 450 - 1020 450
IO22
1075 909 - 1035 909
1035 909 - 1035 890
1035 890 - 1020 890
IO23
170 1075 - 170 1035
170 1035 - 150 1035
150 1035 - 150 1020
IO24
25 466 - 65 466
65 466 - 65 450
65 450 - 80 450
IO25
983 1075 - 983 1035
983 1035 - 970 1035
970 1035 - 970 1020
IO26
25 983 - 65 983
65 983 - 65 970
65 970 - 80 970
IO27
1075 983 - 1035 983
1035 983 - 1035 970
1035 970 - 1020 970
IO28
25 392 - 65 392
65 392 - 65 410
65 410 - 80 410
IO29
1075 392 - 1035 392
1035 392 - 1035 410
1035 410 - 1020 410
IO30
540 25 - 540 65
540 65 - 550 65
550 65 - 550 80
IO31
96 1075 - 96 1035
96 1035 - 110 1035
110 1035 - 110 1020
IO32
613 25 - 613 65
613 65 - 630 65
630 65 - 630 80
IO33
466 25 - 466 65
466 65 - 450 65
450 65 - 450 80
IO34
392 25 - 392 65
392 65 - 410 65
410 65 - 410 80
IO35
687 25 - 687 65
687 65 - 670 65
670 65 - 670 80
